纯均值：

A 2
0.13328848815418773
A 3
0.23852227995649605
B 1
0.22029549889277208
B 3
0.17874210876882785
C 1
0.20939987246903582
C 3
0.23146572148387917


1 0
0.22407289569069472
1 1
0.17233561839331013
2 0
0.20675327594605367
3 0
0.1437966392207549
3 1
0.19980925673523992


2小时均值修正：

A 2
0.14332913274148731
A 3
0.20677511232283044
B 1
0.2362809804002422
B 3
0.19313499950782523
C 1
0.2212282982760332
C 3
0.2840738910187154


1 0
0.25051646511937226
1 1
0.1694836013898909
2 0
0.2074635111780227
3 0
0.20916226439063146
3 1
0.14991336576674588

2小时系数修正

A 2
0.13328848815418773
A 3
0.23620764191175295
B 1
0.26640790540489456
B 3
0.17874210876882785
C 1
0.2304919601850725
C 3
0.26111111410779675


1 0
0.20383528593385083
1 1
0.16054742139764455
2 0
0.20675327594605367
3 0
0.1437966392207549
3 1
0.164905242059385
